16
0  81  30  2  51  70  92  12  16  43  65  67  44  29  18  91  
6  0  52  58  19  46  72  55  64  84  78  81  28  20  15  13  
82  21  0  52  24  30  32  78  33  34  18  65  90  43  30  29  
38  83  60  0  6  49  27  26  88  13  36  31  51  90  59  76  
93  52  9  45  0  66  7  30  47  39  50  12  38  68  48  42  
77  27  58  67  77  0  68  40  91  76  48  58  49  17  92  18  
58  87  30  73  97  49  0  70  88  89  87  56  29  63  62  9  
49  22  5  48  21  24  40  0  52  26  52  51  89  54  95  25  
18  53  87  89  26  62  53  72  0  13  93  78  73  26  54  91  
81  76  1  7  1  79  78  90  90  0  70  78  14  33  74  82  
18  96  50  75  51  87  41  35  41  39  0  73  73  81  18  55  
91  22  47  5  88  21  36  33  99  86  91  0  82  100  75  40  
52  81  70  96  9  50  93  7  7  86  96  48  0  44  24  23  
29  68  45  78  99  6  58  94  72  52  44  73  21  0  87  89  
60  16  64  74  66  27  85  86  91  13  74  54  2  18  0  42  
61  7  46  2  2  34  37  15  6  35  30  35  41  2  93  0  