25
0  93  11  70  73  48  84  56  80  39  97  98  68  17  58  95  76  45  38  96  85  46  20  33  37   
74  0  41  96  86  43  24  25  23  70  47  65  92  68  74  74  29  5  6  42  26  91  47  26  71   
39  21  0  95  63  62  90  82  94  25  95  56  22  14  14  71  33  4  95  36  49  46  98  84  17   
39  30  63  0  13  36  50  13  94  29  37  85  60  70  45  10  77  22  2  3  94  37  14  20  21   
5  43  54  54  0  92  67  89  44  95  41  62  83  65  82  76  94  68  3  1  100  44  90  68  38   
49  100  62  92  8  0  57  100  46  54  54  9  80  76  9  62  15  5  22  53  28  57  89  24  75   
65  72  91  4  16  90  0  15  35  47  7  12  79  97  13  35  47  51  52  36  86  39  32  72  37   
30  39  6  61  46  76  42  0  86  75  78  16  78  45  32  55  57  83  68  40  18  77  28  44  11   
16  48  23  28  25  55  97  49  0  52  32  58  74  79  82  8  6  14  62  95  37  7  48  42  9   
21  44  25  44  96  77  34  98  41  0  88  13  37  100  54  76  54  70  96  8  42  49  60  87  57   
63  13  39  72  88  2  45  76  32  49  0  61  7  54  20  43  93  66  29  98  48  17  92  14  69   
73  10  84  76  50  74  74  50  57  84  8  0  92  6  37  37  11  14  91  45  39  56  17  50  84   
13  49  10  31  57  25  14  14  32  24  70  44  0  33  77  57  41  97  64  69  63  38  69  99  39   
46  44  54  96  65  15  43  75  84  13  45  39  19  0  27  65  2  92  8  94  22  31  27  75  64   
9  34  52  79  82  29  16  56  99  13  69  83  95  80  0  46  85  99  23  77  92  87  54  72  18   
65  65  86  34  18  26  97  29  78  53  5  3  17  66  28  0  56  57  70  22  31  86  51  15  24   
60  27  63  35  43  2  84  13  66  83  83  58  85  54  95  75  0  77  8  1  63  86  18  62  46   
79  73  83  10  13  7  61  97  98  66  55  59  19  10  54  19  88  0  70  2  43  18  42  37  99   
38  75  66  59  37  74  10  36  32  27  52  53  67  14  33  5  69  3  0  92  15  42  61  53  5   
17  97  81  11  48  70  18  61  15  93  41  79  24  74  15  91  7  32  54  0  9  67  33  28  38   
33  60  35  85  50  5  47  3  11  56  41  33  21  33  33  13  60  40  42  8  0  32  69  60  22   
61  36  8  39  61  5  17  82  50  62  28  65  52  24  44  41  87  66  43  97  58  0  12  73  21   
1  73  35  7  71  59  38  73  66  57  86  82  79  81  91  49  23  67  89  95  51  26  0  44  90   
26  64  58  30  21  15  98  13  16  75  23  54  91  38  39  33  24  75  8  63  80  38  51  0  52   
70  53  64  75  37  29  69  100  96  91  54  74  42  80  9  2  15  15  99  68  1  83  90  80  0  