16
0  57  16  36  19  96  30  33  57  17  90  13  90  82  77  29  
76  0  36  71  85  96  100  72  18  31  42  64  39  92  4  25  
95  40  0  55  81  16  72  58  95  34  36  81  47  76  62  62  
96  16  77  0  34  4  90  6  95  94  40  3  50  80  48  91  
63  87  71  98  0  19  31  53  55  18  49  29  77  67  35  61  
67  9  37  90  47  0  1  8  8  1  12  61  74  52  19  71  
75  35  66  33  34  91  0  79  1  33  93  100  33  72  89  20  
76  30  68  70  64  2  37  0  53  71  78  85  87  45  15  93  
42  26  31  9  69  90  33  18  0  73  64  51  6  34  99  4  
60  6  49  41  41  98  48  22  28  0  91  3  95  29  97  52  
26  6  1  22  46  69  72  73  28  39  0  75  22  37  99  37  
11  5  68  5  100  51  62  36  44  72  39  0  46  94  23  54  
38  26  68  51  8  10  36  39  37  64  6  2  0  49  87  37  
5  21  30  27  86  12  30  24  58  13  6  67  75  0  99  89  
74  70  89  63  91  21  7  60  78  87  33  15  41  89  0  60  
27  18  46  58  73  36  39  35  75  68  37  99  34  62  62  0  