16
0  60  31  60  76  91  19  33  25  26  14  25  69  15  60  40  
50  0  87  81  46  96  56  1  27  39  63  5  41  26  75  43  
99  33  0  44  18  40  18  60  63  39  39  1  78  85  79  35  
95  58  21  0  69  19  84  79  100  27  98  79  61  84  11  6  
32  24  8  81  0  99  90  8  9  37  49  94  89  41  48  93  
100  12  3  75  57  0  6  26  18  47  17  3  77  93  91  92  
1  21  72  81  57  17  0  68  62  36  57  62  10  54  76  3  
56  72  36  84  68  83  32  0  39  7  68  93  44  68  1  44  
25  10  21  74  41  58  20  89  0  17  2  33  79  12  77  26  
40  22  64  49  51  66  8  14  79  0  10  95  97  91  87  78  
89  7  93  13  5  32  58  32  49  83  0  5  32  53  79  2  
23  55  77  22  82  48  32  22  58  40  77  0  87  21  68  30  
28  55  2  31  22  54  82  33  59  5  23  88  0  26  28  72  
38  42  59  99  60  72  42  41  72  52  90  52  10  0  41  64  
69  83  44  58  95  99  4  33  78  89  95  76  53  22  0  30  
95  18  66  53  46  67  43  13  11  33  97  40  32  81  89  0 