16
0  80  9  72  30  77  55  89  56  57  84  1  51  57  18  73  
69  0  39  80  1  6  60  46  75  25  41  45  16  37  42  33  
48  68  0  61  51  30  42  43  13  47  9  57  46  94  74  63  
63  23  31  0  33  61  73  1  21  78  16  96  96  82  43  78  
44  34  48  16  0  81  100  81  60  70  79  77  48  77  81  71  
79  41  5  11  24  0  42  7  27  64  27  10  65  82  29  97  
55  22  39  20  88  100  0  48  2  13  22  17  14  85  90  23  
6  7  98  52  25  67  53  0  72  35  18  25  51  91  4  47  
50  14  56  40  96  98  12  43  0  44  46  13  35  81  87  8  
82  72  50  66  3  24  73  19  15  0  77  65  100  79  41  60  
43  83  98  23  39  40  15  66  66  64  0  42  3  56  64  27  
51  96  99  22  76  83  77  74  26  53  70  0  32  20  25  3  
97  16  77  38  21  97  62  56  67  76  19  6  0  13  54  29  
100  77  88  55  61  84  64  56  22  65  52  52  19  0  12  45  
22  66  98  1  22  82  38  30  71  25  79  81  76  92  0  78  
84  34  20  23  27  39  84  11  39  44  88  38  87  64  4  0 