14
0   57 28 39  3 17 43   4 30  87 56  10 89 92
29   0 66 62 74 35 30  53 16  94 78  25 64 73
33  19  0 50 25 16 63  28 44  85 61  86 43 62
40   6  4  0 90 96  5  10 79  75 14 100 37 77
15  62 67 83  0 10 29  91 23  96 42  63 44 47
44  84  6 80 79  0 75  88 84  32 89  64 39 68
 9   9  8  6 17  8  0  48 78  16 51  40 30 63
 1  52 30 84 79 90 29   0  4  67 43  36 88 50
19  36 79  4 80 72 86  85  0  73 50   4 92 85
73  60 64 10 42 27 22  38 76   0 41   5 98 92
 9 100 35  5  5 71 57 100 33  12  0  14 40 67
48  51 90 53 63 89 49  36 37 100 34   0 84 79
51  20 29 52  3 72 51  28 68  77 74  35  0 59
80  55 61 44 24 96 89  28 17  20 96  77 24  0
