16
0  2  39  51  39  54  11  16  46  84  54  92  54  79  93  5  
59  0  47  47  59  33  4  6  81  93  43  45  18  84  70  20  
87  53  0  100  45  24  46  34  77  53  3  68  94  93  49  71  
95  51  92  0  57  87  62  43  45  62  67  86  32  54  78  96  
71  7  47  15  0  12  29  78  70  99  48  80  27  74  71  63  
95  58  28  42  36  0  27  48  44  30  37  57  3  8  92  98  
43  97  38  86  41  45  0  82  58  58  91  69  73  69  45  97  
34  23  3  65  46  87  64  0  89  50  6  8  69  27  19  84  
35  69  47  40  42  73  51  92  0  91  64  40  18  82  39  1  
94  53  3  42  40  43  93  90  66  0  31  68  88  95  72  78  
94  30  75  70  36  39  8  69  38  1  0  84  88  30  68  94  
21  10  56  66  27  8  82  50  84  21  7  0  26  11  55  57  
91  7  79  2  52  49  28  58  53  23  17  55  0  50  2  98  
66  88  17  79  58  42  42  45  98  31  95  63  23  0  93  43  
6  81  7  82  97  29  50  70  11  20  1  24  74  12  0  6  
71  64  54  21  27  93  97  18  91  7  51  71  55  59  89  0  
