16
0  49  26  7  69  92  79  74  11  13  73  86  8  44  46  30  
42  0  7  36  22  93  49  53  77  18  22  22  17  92  72  72  
9  15  0  79  86  85  45  41  72  17  29  51  11  87  63  2  
70  19  71  0  49  26  69  45  35  87  21  9  29  15  57  5  
98  84  54  11  0  34  58  96  70  60  80  11  47  15  25  21  
10  31  20  90  35  0  98  45  30  65  27  23  44  64  88  51  
10  72  10  34  92  73  0  82  95  2  91  58  85  42  78  52  
8  26  73  43  90  2  20  0  6  70  70  49  94  43  34  40  
12  70  14  29  6  82  73  63  0  89  100  13  17  87  5  60  
92  97  30  27  65  69  97  49  13  0  11  69  65  1  57  52  
9  17  66  5  13  70  68  95  31  42  0  4  71  57  47  70  
23  81  9  83  13  81  45  77  50  97  22  0  79  42  42  56  
95  85  37  64  97  17  40  74  70  54  71  86  0  91  78  19  
15  19  93  4  28  14  50  47  65  92  8  53  86  0  44  47  
44  20  9  4  36  59  5  26  7  99  81  58  48  24  0  64  
28  94  28  32  77  82  5  81  84  7  62  30  98  54  16  0  