16
0  7  33  37  64  79  98  46  52  51  50  27  28  37  34  63  
19  0  25  24  5  38  40  70  58  97  71  15  25  55  48  27  
79  58  0  41  28  97  3  99  96  66  33  6  58  16  20  11  
26  65  45  0  35  53  39  28  14  91  77  1  19  96  38  36  
17  87  32  2  0  34  94  29  20  83  89  51  58  79  53  100  
53  25  37  37  91  0  13  81  95  2  15  53  82  64  54  34  
96  81  51  72  62  96  0  48  13  25  5  92  19  72  3  89  
99  65  33  18  49  21  40  0  15  80  79  18  78  58  89  42  
99  69  66  40  44  91  51  86  0  24  89  65  67  67  52  36  
76  33  58  2  7  18  70  3  84  0  81  12  54  53  93  14  
23  8  1  43  77  84  81  40  98  41  0  79  93  62  98  72  
33  76  8  24  86  17  13  37  69  11  59  0  88  9  32  97  
61  27  2  84  85  34  89  30  51  61  25  67  0  85  89  47  
12  58  39  13  71  77  70  51  67  22  75  51  8  0  56  70  
75  37  45  84  81  26  3  74  38  76  50  37  43  50  0  73  
38  63  38  20  38  79  40  76  78  35  45  13  51  39  73  0 