16
0  74  54  6  32  73  43  16  58  85  19  16  64  80  78  85  
57  0  7  45  42  84  17  58  63  34  99  9  70  15  25  28  
53  60  0  76  50  54  28  57  54  25  9  17  4  8  66  10  
21  87  9  0  93  47  61  18  51  71  52  54  92  68  89  49  
95  11  90  3  0  48  32  37  56  17  19  53  76  57  63  28  
7  88  44  95  39  0  62  59  53  24  82  57  9  11  47  77  
49  73  11  3  55  10  0  72  45  53  41  57  47  5  10  28  
74  35  8  36  62  20  67  0  66  71  81  58  8  50  82  49  
69  58  6  94  49  91  64  73  0  86  56  83  42  27  32  66  
6  66  26  21  91  65  46  57  89  0  10  70  66  100  81  76  
1  98  1  89  72  2  35  66  69  5  0  99  95  29  74  20  
93  85  89  84  51  14  89  93  17  16  68  0  29  14  99  16  
51  2  53  21  35  66  85  25  75  97  20  18  0  21  69  75  
60  59  17  13  25  24  18  84  21  77  29  95  72  0  28  34  
73  31  19  62  12  40  55  78  12  52  89  28  2  63  0  55  
27  99  48  18  34  96  21  52  35  80  79  42  12  9  97  0 