16
0  25 35 27 40 37 33 16 46 74 86 11 81 31 24 82
42  0 11 84 83 67 37 95 11 50 59 10 70 89 13 30
83 26  0 96 37 48 78 10 90 95 38 77 66 75 98 71
14 19 14  0 30 84 74 58 67 15 62 84 26 10 96 52
40 93 27 23  0 26 29 94 66 43 43 59 30 60 50 99
93 78 39 16 71  0 63 11 43 82 79 38 59 33 41 33
57 30 13 60 32 95  0 96 63 70 83 57 14 11 14 38
50 83 50 60 37 96 67  0 72 58 93 67 78 27 23 10
88 25 86 74 52 27 32 78  0 67 10 73 38 23 25 31
74 30 40 26 34 92 15 56 95  0 20 24 47 45 41 69
80 35 79 58 59 70 74 73 96 66  0 40 81 72 32 55
97 15 16 16 59 73 11 28 86 59 99  0 35 35 73 21
21 70 72 57 27 76 53 40 68 11 33 51  0 79 69 17
45 63 74 48 48 60 90 23 42 37 45 61 77  0 29 73
39 34 19 65 42 17 97 92 71 19 45 42 95 77  0 15
44 92 55 85 99 10 55 54 85 56 38 52 23 87 22  0
