16
0  10  15  57  95  88  14  61  61  3  52  90  31  48  27  14  
9  0  53  6  26  27  56  12  51  10  44  54  96  4  46  53  
92  53  0  13  97  90  72  65  67  2  87  7  80  60  24  55  
71  2  18  0  3  86  80  43  79  14  68  38  18  81  64  22  
31  4  85  10  0  25  57  81  12  8  2  31  7  13  60  61  
75  96  12  2  65  0  88  16  39  75  33  86  96  10  56  96  
24  73  54  77  89  49  0  54  44  21  73  29  2  41  56  32  
82  37  52  88  5  87  38  0  67  66  54  94  6  8  60  88  
40  92  58  98  23  40  99  88  0  55  7  96  62  97  51  91  
35  99  2  20  18  25  38  11  36  0  34  28  54  16  1  92  
54  96  84  35  10  55  97  37  15  17  0  65  7  27  5  35  
73  95  68  27  45  92  28  35  99  56  13  0  80  57  14  68  
100  85  61  22  19  73  64  68  48  83  26  50  0  86  75  10  
48  66  54  51  30  98  29  61  52  76  97  40  100  0  96  87  
3  33  15  17  65  82  100  75  50  87  70  77  59  60  0  70  
43  33  64  6  80  38  65  75  71  34  67  88  47  97  95  0 