16
0  17  50  17  80  22  84  67  7  78  10  95  74  39  56  43  
21  0  7  58  91  35  27  87  71  62  100  70  41  2  54  79  
4  30  0  9  40  32  84  7  7  63  73  89  28  29  97  53  
80  38  11  0  58  86  53  26  53  45  44  48  61  51  11  12  
34  78  75  84  0  12  83  33  89  74  93  32  46  68  41  22  
88  13  50  2  65  0  78  27  19  68  2  84  73  95  39  84  
18  76  79  38  4  95  0  1  46  11  35  95  35  67  72  12  
92  53  47  79  64  46  57  0  5  36  74  42  51  70  65  82  
89  56  10  28  17  55  98  17  0  11  25  49  38  18  76  9  
15  45  50  30  92  100  20  70  31  0  21  71  75  38  70  93  
77  43  77  83  31  84  49  65  69  20  0  24  39  32  3  41  
100  85  90  37  10  53  47  69  16  13  19  0  3  26  52  3  
44  87  5  49  1  67  39  3  45  93  6  66  0  39  2  44  
72  45  9  100  34  66  51  59  33  93  25  25  45  0  23  54  
49  92  11  32  5  10  84  40  74  54  26  10  62  4  0  14  
49  71  73  40  58  60  59  82  44  43  11  47  7  9  15  0