15
 0 51 14 31 88 27 62 93 23 35 61 32 92 32 76
81  0 91 45 85 63 84 45 62 50 26 26 41 55 37
35 53  0 30 22 26 79 94 29 88 88 49 57 29 49
97 64 66  0 83 59 24 31 21 22 26 57 31 30 32
41 41 40 88  0 29 94 55 12 87 34 70 53 86 77
64 43 22 31 56  0 10 31 90 41 81 30 34 56 93
69 80 65 78 17 39  0 49 54 30 65 35 91 22 17
94 42 71 11 52 24 85  0 61 96 92 58 25 36 22
18 72 73 52 59 76 72 51  0 87 51 88 80 83 41
19 33 19 57 16 30 64 44 54  0 50 93 35 27 57
97 87 11 61 96 21 89 19 31 35  0 20 72 52 84
15 31 70 88 68 14 63 45 48 51 39  0 67 66 55
26 19 93 49 84 77 89 14 27 50 93 22  0 67 86
60 13 33 45 29 94 51 91 45 41 81 65 58  0 31
23 10 40 63 37 30 77 32 52 30 78 23 21 19  0
