15
0  55  46  82  86  60  33  20  14  18  29  85  85  94  64   
92  0  80  13  18  64  26  1  71  51  89  32  7  26  72   
5  50  0  40  37  8  23  56  98  38  22  38  88  78  74   
15  82  67  0  6  14  54  91  36  2  81  2  29  14  68   
33  13  68  97  0  1  76  16  76  6  35  94  13  56  65   
60  63  93  10  49  0  38  49  19  6  4  54  27  45  93   
19  82  8  17  99  84  0  96  64  93  28  74  85  44  84   
4  72  65  29  79  60  94  0  68  65  34  85  6  75  45   
42  74  36  91  34  48  82  53  0  47  27  94  29  82  21   
81  58  98  93  27  89  50  38  53  0  49  79  98  82  90   
17  86  2  75  36  32  51  64  3  65  0  10  88  39  11   
66  48  52  73  58  3  45  79  83  81  14  0  87  49  6   
52  30  8  22  14  90  49  49  40  24  52  92  0  71  79   
100  7  73  21  67  64  9  64  96  57  20  48  14  0  97   
45  78  23  40  3  67  21  36  47  61  16  4  4  12  0   