20
0  40  97  80  37  8  36  49  62  31  9  86  31  46  8  85  100  30  46  59  
88  0  83  14  95  28  27  29  49  78  56  22  55  52  77  89  24  88  97  29  
3  8  0  60  39  56  72  4  37  27  63  63  88  28  12  39  14  59  66  14  
97  80  12  0  84  67  55  25  23  19  58  71  84  28  61  39  95  61  27  66  
21  37  74  49  0  91  95  52  81  98  5  35  57  66  83  18  3  52  71  99  
18  59  88  17  65  0  29  64  12  67  1  19  80  68  94  22  53  94  14  64  
54  63  49  69  94  75  0  5  72  77  26  12  99  42  100  61  33  39  27  39  
9  38  5  25  90  23  95  0  63  5  78  76  89  14  49  73  91  20  74  82  
4  8  80  67  20  87  72  46  0  12  30  63  26  42  90  52  49  93  5  77  
88  93  67  29  93  72  97  73  32  0  55  32  24  71  27  22  80  96  36  31  
82  16  93  23  95  32  40  48  41  14  0  94  39  14  87  97  37  47  9  89  
100  18  44  61  90  22  77  88  62  72  30  0  69  58  12  85  87  40  45  74  
61  75  93  71  60  51  56  70  32  32  39  95  0  79  80  89  98  39  45  80  
4  54  51  53  59  26  58  11  69  86  31  99  32  0  9  40  27  33  54  88  
73  20  48  49  33  97  64  75  75  66  77  22  49  49  0  66  94  13  68  32  
92  18  34  41  92  65  18  17  34  33  36  26  91  25  68  0  100  81  26  24  
2  95  47  90  75  33  89  66  4  21  17  38  68  58  91  14  0  11  82  14  
15  72  67  99  10  23  33  81  32  15  33  26  39  32  37  52  35  0  12  45  
25  96  3  52  17  63  59  99  44  30  67  91  82  34  74  23  10  69  0  58  
75  86  56  25  92  73  22  80  3  95  56  15  98  59  72  70  82  43  32  0 