20 17
0 0
19 16
1 1 2 2 2 2 2 1 1 1 1 1 1 1 1 1 1
1 1 1 5 5 5 2 1 1 1 1 1 1 1 1 1 1
5 5 5 5 5 5 2 1 1 1 1 1 1 1 1 1 1
5 5 5 5 5 5 2 1 1 1 1 1 1 1 1 1 1
5 5 5 2 2 2 2 1 1 1 1 1 1 1 1 1 1
1 1 2 2 2 2 2 1 1 1 1 1 1 1 1 1 1
1 1 1 5 5 5 2 1 1 1 1 1 1 1 1 1 1
5 5 5 5 5 5 2 1 1 1 1 1 1 1 1 1 1
5 5 5 5 5 5 2 1 1 1 1 1 1 1 1 1 1
5 5 5 2 2 2 2 1 1 1 1 1 1 1 1 1 1
1 1 2 2 2 2 2 1 1 1 1 1 1 1 1 1 1
1 1 1 5 5 5 2 1 1 1 1 1 1 1 1 1 1
5 5 5 5 5 5 2 1 1 1 1 1 1 1 1 1 1
5 5 5 5 5 5 2 1 1 1 1 1 1 1 1 1 1
5 5 5 2 2 2 2 1 1 1 1 1 1 1 1 1 1
1 1 2 2 2 2 2 1 1 1 1 1 1 1 1 1 1
1 1 1 5 5 5 2 1 1 1 1 1 1 1 1 1 1
5 5 5 5 5 5 2 1 1 1 1 1 1 1 1 1 1
5 5 5 5 5 5 2 1 1 1 1 1 1 1 1 1 1
5 5 5 2 2 2 2 1 1 1 1 1 1 1 1 1 1